1,1,121.85,334.14,135.23999999999998,59.22000000000003,1,1,1.0
1,2,207.77,250.85,95.55999999999997,41.01000000000002,1,1,1.0
1,3,733.52,266.08,72.13,39.44,1,1,1.0
2,1,99.8,336.16,135.56,59.94999999999999,1,1,1.0
2,2,207.77,250.94,95.55999999999997,41.06999999999999,1,1,1.0
2,3,719.55,267.95,73.45000000000005,40.0,1,1,1.0
3,1,74.7,340.27,138.93,60.68000000000001,1,1,1.0
3,2,207.77,251.02,95.55999999999997,41.140000000000015,1,1,1.0
3,3,705.57,269.81,74.78999999999996,40.56,1,1,1.0
4,1,47.5,344.38,143.9,61.410000000000025,1,1,1.0
4,2,207.77,251.11,95.55999999999997,41.19999999999999,1,1,1.0
4,3,691.6,271.67,76.11000000000001,41.120000000000005,1,1,1.0
5,1,22.7,348.48,147.13000000000002,62.14999999999998,1,1,1.0
5,2,207.77,251.2,95.55999999999997,41.25999999999999,1,1,1.0
5,3,678.61,273.54,77.44999999999993,40.75999999999999,1,1,1.0
6,1,0.0,352.59,148.27,62.88000000000005,1,1,1.0
6,2,207.77,251.29,95.55999999999997,41.32000000000002,1,1,1.0
6,3,663.85,275.4,78.76999999999998,41.78000000000003,1,1,1.0
7,1,0.15,356.7,126.55,63.60000000000002,1,1,1.0
7,2,207.77,251.38,95.55999999999997,41.379999999999995,1,1,1.0
7,3,649.08,277.27,80.09999999999991,42.80000000000001,1,1,1.0
8,1,0.0,356.7,103.0,70.80000000000001,1,1,1.0
8,2,207.77,251.47,95.55999999999997,41.440000000000026,1,1,1.0
8,3,636.3,279.43,79.90000000000009,43.360000000000014,1,1,1.0
9,1,0.0,364.27,77.5,56.33000000000004,1,1,1.0
9,2,207.77,251.56,95.55999999999997,41.5,1,1,1.0
9,3,620.53,281.59,83.47000000000003,43.920000000000016,1,1,1.0
10,1,0.0,371.83,52.0,52.22000000000003,1,1,1.0
10,2,207.77,251.65,95.55999999999997,41.54999999999998,1,1,1.0
10,3,604.77,283.76,83.83000000000004,44.48000000000002,1,1,1.0
11,1,0.0,379.4,26.5,48.10000000000002,1,1,1.0
11,2,207.77,251.73,95.55999999999997,41.62000000000003,1,1,1.0
11,3,589.0,285.92,85.64999999999998,45.039999999999964,1,1,1.0
12,2,207.77,251.82,95.55999999999997,41.68000000000001,1,1,1.0
12,3,573.23,288.08,87.47000000000003,45.60000000000002,1,1,1.0
13,2,207.77,251.91,95.55999999999997,41.73999999999998,1,1,1.0
13,3,557.47,290.25,88.64999999999998,46.160000000000025,1,1,1.0
14,2,207.77,252.0,95.55999999999997,41.80000000000001,1,1,1.0
14,3,541.7,292.41,89.83999999999992,46.71999999999997,1,1,1.0
15,2,207.77,252.0,95.03999999999999,41.80000000000001,1,1,1.0
15,3,525.93,294.57,91.03000000000009,47.28000000000003,1,1,1.0
16,2,207.77,252.0,94.53,41.80000000000001,1,1,1.0
16,3,510.17,296.74,92.20999999999998,47.839999999999975,1,1,1.0
17,2,207.77,252.0,94.53,41.35000000000002,1,1,1.0
17,3,494.4,298.9,93.39999999999998,48.400000000000034,1,1,1.0
18,2,207.77,252.0,94.53,40.89999999999998,1,1,1.0
18,3,476.5,301.3,95.29999999999995,49.44,1,1,1.0
19,2,207.75,252.07,94.52999999999997,40.900000000000034,1,1,1.0
19,3,458.6,303.69,97.19999999999993,50.48000000000002,1,1,1.0
20,2,207.73,252.15,94.53,40.900000000000006,1,1,1.0
20,3,440.7,306.09,99.09999999999997,51.52000000000004,1,1,1.0
21,2,207.72,252.22,94.52000000000001,40.900000000000006,1,1,1.0
21,3,422.8,308.49,100.99999999999994,52.56,1,1,1.0
22,2,207.7,252.3,94.53000000000003,40.89999999999998,1,1,1.0
22,3,403.93,311.04,104.57,54.620000000000005,1,1,1.0
23,2,207.68,252.37,94.52999999999997,40.89999999999998,1,1,1.0
23,3,385.07,313.6,108.13,56.66999999999996,1,1,1.0
24,2,207.66,252.45,94.53,40.900000000000034,1,1,1.0
24,3,366.2,319.2,108.60000000000002,55.68000000000001,1,1,1.0
25,2,207.64,252.52,94.53000000000003,40.900000000000006,1,1,1.0
25,3,347.7,322.1,109.80000000000001,56.70999999999998,1,1,1.0
26,2,207.62,252.6,94.52999999999997,40.900000000000006,1,1,1.0
26,3,327.32,325.0,112.68,57.75,1,1,1.0
27,2,207.68,252.58,94.37,40.900000000000006,1,1,1.0
27,3,306.94,327.9,115.56,58.79000000000002,1,1,1.0
28,2,207.73,252.57,94.22,40.900000000000034,1,1,1.0
28,3,286.55,330.8,118.44999999999999,59.829999999999984,1,1,1.0
29,2,207.78,252.55,94.07000000000002,40.89999999999998,1,1,1.0
29,3,264.88,334.05,120.72000000000003,61.039999999999964,1,1,1.0
30,2,207.83,252.53,93.91999999999999,40.900000000000006,1,1,1.0
30,3,243.2,337.3,123.0,62.25,1,1,1.0
31,2,207.89,252.52,93.75999999999999,40.900000000000006,1,1,1.0
31,3,221.52,340.55,125.28,63.46999999999997,1,1,1.0
32,2,207.94,252.5,93.61000000000001,40.89999999999998,1,1,1.0
32,3,199.84,343.8,127.55999999999997,64.68,1,1,1.0
33,2,207.99,252.48,93.45999999999998,40.900000000000006,1,1,1.0
33,3,175.6,348.9,132.9,64.68,1,1,1.0
34,2,208.05,252.47,93.30000000000001,40.900000000000006,1,1,1.0
34,3,150.7,352.5,136.17000000000002,66.75,1,1,1.0
35,2,208.1,252.45,93.15,40.900000000000034,1,1,1.0
35,3,125.2,356.1,140.03000000000003,68.82999999999998,1,1,1.0
36,2,208.1,252.45,94.28,40.900000000000034,1,1,1.0
36,3,101.7,359.7,141.89999999999998,70.90000000000003,1,1,1.0
37,2,208.1,252.45,95.4,40.900000000000034,1,1,1.0
37,3,74.08,364.97,146.69,71.57,1,1,1.0
38,2,208.24,252.45,95.25999999999999,40.900000000000034,1,1,1.0
38,3,46.45,370.23,151.48000000000002,72.24000000000001,1,1,1.0
39,2,208.39,252.45,95.11000000000001,40.900000000000034,1,1,1.0
39,3,18.83,375.5,156.26999999999998,72.91000000000003,1,1,1.0
40,2,208.53,252.45,94.97,40.900000000000034,1,1,1.0
40,3,0.0,379.0,150.45,76.07,1,1,1.0
41,2,208.67,252.45,94.83000000000001,40.900000000000034,1,1,1.0
41,3,0.0,382.5,125.8,79.24000000000001,1,1,1.0
42,2,208.81,252.45,94.69,40.900000000000034,1,1,1.0
42,3,0.0,386.0,101.15,82.39999999999998,1,1,1.0
43,2,208.96,252.45,94.53999999999999,40.900000000000034,1,1,1.0
43,3,0.0,394.0,76.5,67.42000000000002,1,1,1.0
44,2,209.1,252.45,94.4,40.900000000000034,1,1,1.0
44,3,0.0,404.6,49.1,61.25999999999999,1,1,1.0
45,2,209.1,252.54,94.38000000000002,40.91999999999999,1,1,1.0
45,3,0.0,415.2,21.7,55.10000000000002,1,1,1.0
46,2,209.1,252.64,94.35,40.93000000000001,1,1,1.0
47,2,209.1,252.73,94.33000000000001,40.95000000000002,1,1,1.0
48,2,209.1,252.83,94.29999999999998,40.96000000000001,1,1,1.0
49,2,209.1,252.92,94.28,40.97999999999999,1,1,1.0
50,2,209.1,253.01,94.26000000000002,41.0,1,1,1.0
51,2,209.1,253.11,94.22999999999999,41.00999999999999,1,1,1.0
51,4,949.97,229.88,10.029999999999973,50.93000000000001,1,1,1.0
52,2,209.1,253.2,94.21000000000001,41.03000000000003,1,1,1.0
52,4,945.79,228.81,14.160000000000082,54.379999999999995,1,1,1.0
53,2,209.1,253.3,94.17999999999998,41.039999999999964,1,1,1.0
53,4,941.62,227.74,18.289999999999964,57.81999999999999,1,1,1.0
54,2,209.1,253.39,94.16,41.06,1,1,1.0
54,4,937.44,226.67,22.41999999999996,61.27000000000001,1,1,1.0
55,2,209.1,253.48,94.14000000000001,41.08000000000001,1,1,1.0
55,4,932.06,226.63,27.770000000000095,62.910000000000025,1,1,1.0
56,2,209.1,253.58,94.10999999999999,41.09,1,1,1.0
56,4,926.68,226.6,33.120000000000005,64.53999999999999,1,1,1.0
57,2,209.1,253.67,94.09,41.109999999999985,1,1,1.0
57,4,921.3,226.56,38.47000000000003,66.18,1,1,1.0
58,2,209.1,253.77,94.06000000000003,41.119999999999976,1,1,1.0
58,4,915.92,226.53,43.81000000000006,67.82000000000002,1,1,1.0
59,2,209.1,253.86,94.03999999999999,41.139999999999986,1,1,1.0
59,4,910.55,226.49,49.15000000000009,69.45999999999998,1,1,1.0
60,2,209.1,253.95,94.02000000000001,41.160000000000025,1,1,1.0
60,4,905.17,226.46,54.5,71.09,1,1,1.0
61,2,209.1,254.05,93.98999999999998,41.170000000000016,1,1,1.0
61,4,899.79,226.42,59.85000000000002,72.74000000000004,1,1,1.0
62,2,209.1,254.14,93.97,41.19,1,1,1.0
62,4,894.41,226.38,65.20000000000005,74.38,1,1,1.0
62,5,900.97,245.73,8.699999999999932,24.150000000000006,1,1,0.0
63,2,209.1,254.24,93.94000000000003,41.19999999999999,1,1,1.0
63,4,889.03,226.35,70.55000000000007,76.01000000000002,1,1,1.0
63,5,894.12,246.68,9.230000000000018,24.139999999999986,1,1,0.0
64,2,209.1,254.33,93.91999999999999,41.22,1,1,1.0
64,4,883.66,226.31,75.88,77.64999999999998,1,1,1.0
64,5,887.27,247.62,9.759999999999991,24.149999999999977,1,1,0.0
65,2,209.1,254.42,93.9,41.24000000000004,1,1,1.0
65,4,878.28,226.28,81.23000000000002,79.28999999999999,1,1,1.0
65,5,880.42,248.57,10.280000000000086,24.139999999999986,1,1,0.0
66,2,209.1,254.52,93.87000000000003,41.24999999999997,1,1,1.0
66,4,872.9,226.24,86.58000000000004,80.93,1,1,1.0
66,5,873.56,249.51,10.82000000000005,24.150000000000034,1,1,0.0
67,2,209.1,254.61,93.85,41.26999999999998,1,1,1.0
67,4,866.9,226.21,92.55000000000007,82.55999999999997,1,1,1.0
67,5,866.71,250.46,11.349999999999909,24.140000000000015,1,1,0.0
68,2,209.1,254.71,93.82000000000002,41.28,1,1,1.0
68,4,856.94,226.17,102.4799999999999,84.21000000000001,1,1,1.0
68,5,859.86,251.4,11.879999999999995,24.150000000000006,1,1,0.0
69,2,209.1,254.8,93.79999999999998,41.30000000000001,1,1,1.0
69,4,846.97,226.14,112.41999999999996,85.84000000000003,1,1,1.0
69,5,853.01,252.35,12.399999999999977,24.140000000000015,1,1,0.0
70,2,209.1,254.97,93.79999999999998,41.29999999999998,1,1,1.0
70,4,837.01,226.1,122.34000000000003,87.47999999999999,1,1,1.0
70,5,846.16,253.29,12.930000000000064,24.150000000000006,1,1,0.0
71,2,209.1,255.15,93.79999999999998,41.29999999999998,1,1,1.0
71,4,833.47,227.12,126.10000000000002,88.06,1,1,1.0
71,5,839.31,254.24,13.460000000000036,24.139999999999986,1,1,0.0
72,2,209.1,255.32,93.79999999999998,41.30000000000001,1,1,1.0
72,4,829.94,228.14,129.83999999999992,88.65000000000003,1,1,1.0
72,5,832.45,255.18,14.0,24.149999999999977,1,1,0.0
73,2,209.1,255.5,93.79999999999998,41.30000000000001,1,1,1.0
73,4,826.4,229.16,133.60000000000002,89.22999999999999,1,1,1.0
73,5,825.6,256.13,14.519999999999982,24.139999999999986,1,1,0.0
74,2,209.1,255.67,93.79999999999998,41.30000000000004,1,1,1.0
74,4,816.01,230.18,143.59000000000003,89.81,1,1,1.0
74,5,818.75,257.07,15.049999999999955,24.150000000000034,1,1,0.0
75,2,209.1,255.85,93.79999999999998,41.29999999999998,1,1,1.0
75,4,805.63,231.2,153.57000000000005,90.40000000000003,1,1,1.0
75,5,808.83,257.59,17.059999999999945,24.560000000000002,1,1,0.0
76,2,209.0,255.85,93.89999999999998,41.29999999999998,1,1,1.0
76,4,799.35,232.6,159.80999999999995,90.6,1,1,1.0
76,5,798.92,258.11,19.06000000000006,24.96999999999997,1,1,0.0
77,2,208.9,255.85,93.99999999999997,41.29999999999998,1,1,1.0
77,4,793.08,234.12,166.04999999999995,90.68,1,1,1.0
77,5,789.0,258.62,21.08000000000004,25.389999999999986,1,1,0.0
78,2,208.8,255.85,94.09999999999997,41.29999999999998,1,1,1.0
78,4,786.8,235.65,172.30000000000007,90.76000000000002,1,1,1.0
78,5,779.08,259.14,23.089999999999918,25.79000000000002,1,1,0.0
79,2,208.7,255.85,94.19999999999999,41.29999999999998,1,1,1.0
79,4,780.52,236.02,173.77999999999997,91.98999999999998,1,1,1.0
79,5,769.17,259.66,25.090000000000032,26.19999999999999,1,1,0.0
79,6,948.19,236.55,11.809999999999945,32.02999999999997,1,1,0.0
80,2,208.6,255.85,94.29999999999998,41.29999999999998,1,1,1.0
80,4,771.59,236.69,177.17999999999995,93.22000000000003,1,1,1.0
80,5,759.25,260.18,27.100000000000023,26.610000000000014,1,1,0.0
80,6,942.64,237.64,11.81000000000006,32.03000000000003,1,1,0.0
81,2,208.5,255.85,94.39999999999998,41.29999999999998,1,1,1.0
81,4,762.66,237.36,180.59000000000003,94.44,1,1,1.0
81,5,749.33,260.69,29.120000000000005,27.03000000000003,1,1,0.0
81,6,937.1,238.73,11.799999999999955,32.03,1,1,0.0
82,2,208.4,255.85,94.49999999999997,41.29999999999998,1,1,1.0
82,4,753.73,238.03,183.99,95.66999999999999,1,1,1.0
82,5,739.42,261.21,31.120000000000005,27.439999999999998,1,1,0.0
82,6,931.55,239.81,11.81000000000006,32.02999999999997,1,1,0.0
83,2,208.3,255.85,94.59999999999997,41.29999999999998,1,1,1.0
83,4,744.8,238.7,187.4000000000001,96.90000000000003,1,1,1.0
83,5,729.5,261.73,33.129999999999995,27.849999999999966,1,1,1.0
83,6,926.0,240.9,11.809999999999945,32.03,1,1,1.0
84,2,208.2,255.85,94.69999999999999,41.29999999999998,1,1,1.0
84,4,736.12,239.97,189.95000000000005,96.9,1,1,1.0
84,5,719.2,262.25,35.51999999999998,28.25999999999999,1,1,0.0
84,6,914.44,241.3,17.719999999999914,32.110000000000014,1,1,0.0
85,2,208.1,255.85,94.79999999999998,41.29999999999998,1,1,1.0
85,4,727.44,241.24,192.4899999999999,96.89999999999998,1,1,1.0
85,5,708.9,262.76,37.92000000000007,28.680000000000007,1,1,0.0
85,6,902.89,241.7,23.610000000000014,32.18000000000001,1,1,0.0
86,2,208.0,255.85,94.89999999999998,41.29999999999998,1,1,1.0
86,4,718.76,242.51,195.03999999999996,96.90000000000003,1,1,1.0
86,5,698.6,263.28,40.309999999999945,29.090000000000032,1,1,0.0
86,6,891.33,242.1,29.519999999999982,32.25000000000003,1,1,0.0
87,2,207.9,255.85,94.99999999999997,41.29999999999998,1,1,1.0
87,4,708.33,243.29,198.66999999999996,98.85999999999999,1,1,1.0
87,5,688.3,263.8,42.700000000000045,29.5,1,1,1.0
87,6,879.78,242.5,35.42000000000007,32.329999999999984,1,1,0.0
88,2,207.9,255.85,94.73999999999998,41.29999999999998,1,1,1.0
88,4,697.9,244.07,202.30000000000007,100.82,1,1,1.0
88,5,676.21,264.33,46.99000000000001,29.5,1,1,0.0
88,6,870.51,243.26,37.77999999999997,32.710000000000036,1,1,0.0
89,2,207.9,255.85,94.48999999999998,41.29999999999998,1,1,1.0
89,4,687.47,244.84,205.92999999999995,102.78,1,1,1.0
89,5,664.11,264.86,51.289999999999964,29.5,1,1,0.0
89,6,861.24,244.03,40.139999999999986,33.08000000000001,1,1,0.0
90,2,207.9,255.85,94.22999999999999,41.29999999999998,1,1,1.0
90,4,677.04,245.62,209.56000000000006,104.74000000000001,1,1,1.0
90,5,652.02,265.39,55.58000000000004,29.5,1,1,0.0
90,6,851.97,244.79,42.5,33.46000000000001,1,1,0.0
91,2,207.9,255.85,93.97,41.29999999999998,1,1,1.0
91,4,666.61,246.4,213.18999999999994,106.70000000000002,1,1,1.0
91,5,639.92,265.93,59.879999999999995,29.5,1,1,0.0
91,6,842.71,245.55,44.84999999999991,33.839999999999975,1,1,0.0
92,2,207.9,255.85,93.71000000000001,41.29999999999998,1,1,1.0
92,4,654.85,247.48,217.14999999999998,108.78999999999999,1,1,1.0
92,5,627.83,266.46,64.16999999999996,29.5,1,1,0.0
92,6,833.44,246.31,47.20999999999992,34.21999999999997,1,1,0.0
93,2,207.9,255.85,93.46000000000001,41.29999999999998,1,1,1.0
93,4,643.09,248.55,221.11,110.88999999999999,1,1,1.0
93,5,615.74,266.99,68.46000000000004,29.5,1,1,0.0
93,6,824.17,247.08,49.57000000000005,34.59,1,1,0.0
94,2,207.9,255.85,93.20000000000002,41.29999999999998,1,1,1.0
94,4,631.33,249.63,225.06999999999994,112.97000000000003,1,1,1.0
94,5,603.64,267.52,72.75999999999999,29.5,1,1,0.0
94,6,815.02,247.44,50.25,34.60000000000002,1,1,0.0
95,2,207.88,255.77,93.19999999999999,41.17999999999998,1,1,1.0
95,4,619.58,250.71,229.01999999999998,115.05999999999997,1,1,1.0
95,5,591.55,268.05,77.05000000000007,29.5,1,1,1.0
95,6,805.87,247.81,50.93999999999994,34.589999999999975,1,1,0.0
96,2,207.87,255.68,93.19999999999999,41.06999999999999,1,1,1.0
96,4,607.82,251.78,232.9799999999999,117.16,1,1,1.0
96,5,578.26,268.55,80.01999999999998,30.19999999999999,1,1,1.0
96,6,796.71,248.18,51.629999999999995,34.589999999999975,1,1,0.0
97,2,207.85,255.6,93.20000000000002,40.95000000000002,1,1,1.0
97,4,596.06,252.86,236.94000000000005,119.25,1,1,1.0
97,5,564.97,269.04,82.98000000000002,30.899999999999977,1,1,1.0
97,6,787.56,248.54,52.31000000000006,34.599999999999994,1,1,0.0
98,2,207.83,255.52,93.19999999999996,40.83000000000001,1,1,1.0
98,4,584.3,253.94,240.9000000000001,121.32999999999998,1,1,1.0
98,5,551.68,269.53,85.95000000000005,31.600000000000023,1,1,0.0
98,6,778.41,248.91,52.99000000000001,34.59,1,1,0.0
99,2,207.82,255.43,93.19999999999999,40.71999999999997,1,1,1.0
99,4,571.19,255.02,246.20999999999992,123.03,1,1,1.0
99,5,538.39,270.03,88.90999999999997,32.30000000000001,1,1,0.0
99,6,767.26,249.57,54.879999999999995,34.670000000000016,1,1,0.0
100,2,207.8,255.35,93.19999999999999,40.599999999999994,1,1,1.0
100,4,558.09,256.09,251.51,124.73000000000002,1,1,1.0
100,5,525.1,270.52,91.88,33.0,1,1,0.0
100,6,756.1,250.22,56.77999999999997,34.76000000000002,1,1,0.0
101,2,207.78,255.27,93.20000000000002,40.47999999999999,1,1,1.0
101,4,544.98,257.17,256.81999999999994,126.41999999999996,1,1,1.0
101,5,511.81,271.01,94.83999999999997,33.69999999999999,1,1,0.0
101,6,744.95,250.88,58.66999999999996,34.84000000000003,1,1,0.0
102,2,207.77,255.18,93.20000000000002,40.370000000000005,1,1,1.0
102,4,531.88,258.25,262.12,128.11,1,1,1.0
102,5,498.52,271.51,97.81000000000006,34.400000000000034,1,1,0.0
102,6,733.8,251.54,60.56000000000006,34.91,1,1,0.0
103,2,207.75,255.1,93.19999999999999,40.25000000000003,1,1,1.0
103,4,518.77,259.32,267.43000000000006,129.81,1,1,1.0
103,5,485.23,272.0,100.76999999999998,35.10000000000002,1,1,0.0
103,6,722.64,252.2,62.460000000000036,34.99000000000001,1,1,0.0
103,7,954.52,236.83,5.480000000000018,29.400000000000006,1,1,1.0
104,2,207.75,255.1,93.29000000000002,40.25000000000003,1,1,1.0
104,4,505.67,260.4,272.72999999999996,131.5,1,1,1.0
104,5,471.08,272.71,101.36000000000007,35.25,1,1,0.0
104,6,708.33,252.83,65.16999999999996,35.119999999999976,1,1,0.0
104,7,950.07,233.14,9.92999999999995,33.670000000000016,1,1,1.0
105,2,207.75,255.1,93.38,40.25000000000003,1,1,1.0
105,4,490.1,262.31,278.31999999999994,134.3,1,1,1.0
105,5,456.94,273.42,101.94,35.39999999999998,1,1,0.0
105,6,694.02,253.47,67.88,35.25000000000003,1,1,0.0
105,7,945.63,229.45,14.370000000000005,37.94,1,1,1.0
106,2,207.75,255.1,93.45999999999998,40.25000000000003,1,1,1.0
106,4,474.52,264.23,283.93000000000006,137.07999999999998,1,1,1.0
106,5,442.79,274.13,102.54000000000002,35.55000000000001,1,1,0.0
106,6,679.71,254.1,70.58999999999992,35.380000000000024,1,1,0.0
106,7,941.18,225.76,18.82000000000005,42.210000000000036,1,1,1.0
107,2,207.75,255.1,93.55000000000001,40.25000000000003,1,1,1.0
107,4,458.95,266.14,289.52000000000004,139.88,1,1,1.0
107,5,428.64,274.83,103.13,35.69999999999999,1,1,0.0
107,6,665.4,254.73,73.30000000000007,35.51000000000002,1,1,0.0
107,7,936.73,222.08,23.269999999999982,46.47,1,1,1.0
108,2,207.75,255.1,93.63999999999999,40.25000000000003,1,1,1.0
108,4,443.37,268.06,295.13,142.67000000000002,1,1,1.0
108,5,414.5,275.54,103.71000000000004,35.849999999999966,1,1,0.0
108,6,651.08,255.37,76.01999999999998,35.629999999999995,1,1,0.0
108,7,932.28,218.39,27.720000000000027,50.74000000000001,1,1,1.0
109,2,207.75,255.1,93.73000000000002,40.25000000000003,1,1,1.0
109,4,427.8,269.97,300.71999999999997,145.46999999999997,1,1,1.0
109,5,400.35,276.25,104.29999999999995,36.0,1,1,0.0
109,6,636.77,256.0,78.73000000000002,35.76999999999998,1,1,0.0
109,7,927.83,214.7,32.16999999999996,55.00999999999999,1,1,1.0
110,2,207.75,255.1,93.81,40.25000000000003,1,1,1.0
110,4,410.47,271.88,308.06999999999994,148.26,1,1,1.0
110,5,386.2,276.96,104.88999999999999,36.150000000000034,1,1,0.0
110,6,622.46,256.63,81.43999999999994,35.89999999999998,1,1,0.0
110,7,923.39,214.77,36.59000000000003,55.50999999999996,1,1,1.0
111,2,207.75,255.1,93.89999999999998,40.25000000000003,1,1,1.0
111,4,393.13,273.8,315.44000000000005,151.05,1,1,1.0
111,5,372.06,277.67,105.46999999999997,36.30000000000001,1,1,0.0
111,6,608.15,257.27,84.14999999999998,36.02000000000004,1,1,0.0
111,7,918.94,214.83,41.01999999999998,56.03,1,1,1.0
112,2,207.75,255.1,93.99000000000001,40.25000000000003,1,1,1.0
112,4,375.8,275.71,322.79,153.85000000000002,1,1,1.0
112,5,357.91,278.38,106.07,36.44999999999999,1,1,0.0
112,6,593.84,257.9,86.86000000000001,36.150000000000034,1,1,0.0
112,7,914.49,214.9,45.450000000000045,56.53999999999999,1,1,1.0
113,2,207.75,255.1,94.07999999999998,40.25000000000003,1,1,1.0
113,4,356.8,277.63,331.82,156.63,1,1,1.0
113,5,343.76,279.09,106.66000000000003,36.59000000000003,1,1,0.0
113,6,579.52,258.53,89.58000000000004,36.28000000000003,1,1,0.0
113,7,910.04,214.96,49.879999999999995,57.059999999999974,1,1,1.0
114,2,207.75,255.1,94.16000000000003,40.25000000000003,1,1,1.0
114,4,337.8,279.54,340.84,159.43,1,1,1.0
114,5,329.62,279.8,107.24000000000001,36.74000000000001,1,1,0.0
114,6,565.21,259.17,92.28999999999996,36.40999999999997,1,1,0.0
114,7,905.6,215.03,54.299999999999955,57.57000000000002,1,1,1.0
115,2,207.75,255.1,94.25,40.25000000000003,1,1,1.0
115,4,318.8,281.45,349.85999999999996,162.23000000000002,1,1,1.0
115,5,315.47,280.5,107.82999999999998,36.89999999999998,1,1,1.0
115,6,550.9,259.8,95.0,36.539999999999964,1,1,0.0
115,7,900.72,215.48,59.23000000000002,57.71000000000001,1,1,1.0
116,2,207.75,255.1,94.25,40.31000000000003,1,1,1.0
116,4,299.02,283.13,357.81000000000006,165.01999999999998,1,1,1.0
116,5,299.33,281.61,108.93,37.289999999999964,1,1,1.0
116,6,536.59,260.43,97.70999999999992,36.670000000000016,1,1,0.0
116,7,895.84,215.93,64.15999999999997,57.849999999999966,1,1,1.0
117,2,207.75,255.1,94.25,40.359999999999985,1,1,1.0
117,4,279.25,284.82,365.74,167.81,1,1,1.0
117,5,283.18,282.71,110.02999999999997,37.69,1,1,1.0
117,6,522.28,261.07,100.42000000000007,36.79000000000002,1,1,0.0
117,7,890.96,216.38,68.61000000000001,57.99000000000001,1,1,1.0
118,2,207.75,255.1,94.25,40.41999999999999,1,1,1.0
118,4,259.47,286.5,373.67999999999995,170.60000000000002,1,1,1.0
118,5,267.04,283.81,111.13,38.089999999999975,1,1,1.0
118,6,507.96,261.7,103.14000000000004,36.93000000000001,1,1,1.0
118,7,886.09,216.84,73.03999999999996,58.119999999999976,1,1,1.0
119,2,207.75,255.1,94.25,40.47999999999999,1,1,1.0
119,4,239.63,287.8,380.89,175.64999999999998,1,1,1.0
119,5,250.89,284.92,112.23000000000002,38.47999999999996,1,1,1.0
119,6,493.82,262.51,104.58999999999997,37.48000000000002,1,1,1.0
119,7,881.21,217.29,77.49000000000001,58.25000000000003,1,1,1.0
120,2,207.75,255.1,94.25,40.53999999999999,1,1,1.0
120,4,219.8,289.1,388.09999999999997,180.7,1,1,1.0
120,5,234.75,286.02,113.32999999999998,38.879999999999995,1,1,1.0
120,6,479.67,263.33,106.04000000000002,38.02000000000004,1,1,1.0
120,7,876.33,217.74,77.79999999999995,58.389999999999986,1,1,1.0
121,2,207.75,255.1,94.25,40.599999999999994,1,1,1.0
121,4,194.33,291.67,400.69999999999993,185.5,1,1,1.0
121,5,218.6,287.12,114.42999999999998,39.27999999999997,1,1,1.0
121,6,465.52,264.14,107.5,38.56999999999999,1,1,0.0
121,7,871.45,218.19,78.12,58.53000000000003,1,1,1.0
122,2,207.75,255.1,94.25,40.650000000000006,1,1,1.0
122,4,168.87,294.23,413.29999999999995,190.29999999999995,1,1,1.0
122,5,202.46,288.22,115.53,39.67999999999995,1,1,1.0
122,6,450.88,264.96,108.96000000000004,39.110000000000014,1,1,0.0
122,7,866.58,218.65,78.41999999999996,58.66,1,1,1.0
123,2,207.75,255.1,94.25,40.71000000000001,1,1,1.0
123,4,143.4,296.8,425.9,195.09999999999997,1,1,1.0
123,5,186.31,289.33,116.63,40.06999999999999,1,1,1.0
123,6,436.25,265.77,110.40999999999997,39.660000000000025,1,1,0.0
123,7,861.7,219.1,78.69999999999993,58.79999999999998,1,1,1.0
124,2,207.75,255.1,94.25,40.77000000000001,1,1,1.0
124,4,117.93,299.37,438.49999999999994,199.89999999999998,1,1,1.0
124,5,170.17,290.43,117.72999999999999,40.46999999999997,1,1,1.0
124,6,421.61,266.59,111.87,40.200000000000045,1,1,0.0
124,7,854.98,219.47,80.18999999999994,59.08000000000001,1,1,1.0
125,2,207.75,255.1,94.25,40.83000000000001,1,1,1.0
125,4,92.47,301.93,451.1,204.7,1,1,1.0
125,5,152.25,291.71,119.44999999999999,41.23000000000002,1,1,1.0
125,6,406.98,267.4,113.31999999999994,40.75,1,1,1.0
125,7,848.26,219.83,81.69000000000005,59.37999999999997,1,1,1.0
126,2,207.75,255.1,94.25,40.880000000000024,1,1,1.0
126,4,67.0,304.5,463.70000000000005,209.5,1,1,1.0
126,5,134.34,293.0,121.16,41.97000000000003,1,1,1.0
126,6,391.73,268.18,114.25,41.51999999999998,1,1,0.0
126,7,841.55,220.2,83.17000000000007,59.660000000000025,1,1,1.0
127,2,207.75,255.1,94.25,40.940000000000026,1,1,1.0
127,4,35.4,307.44,478.4,215.35999999999996,1,1,1.0
127,5,116.43,294.28,122.87,42.73000000000002,1,1,1.0
127,6,376.49,268.96,115.17000000000002,42.29000000000002,1,1,0.0
127,7,834.83,220.57,84.65999999999997,59.94,1,1,1.0
128,2,207.75,255.1,94.25,41.00000000000003,1,1,1.0
128,4,11.1,310.38,491.79999999999995,217.72000000000003,1,1,1.0
128,5,98.51,295.56,123.42999999999999,43.49000000000001,1,1,1.0
128,6,361.25,269.73,116.07999999999998,43.06999999999999,1,1,0.0
128,7,828.11,220.93,86.15999999999997,60.24000000000001,1,1,1.0
129,2,207.79,255.1,94.21000000000001,41.00000000000003,1,1,1.0
129,4,0.0,313.32,485.25,216.27000000000004,1,1,1.0
129,5,80.6,296.85,123.99000000000001,44.23999999999995,1,1,1.0
129,6,346.0,270.51,117.00999999999999,43.84000000000003,1,1,0.0
129,7,821.39,221.3,87.64999999999998,60.51999999999998,1,1,1.0
130,2,207.82,255.1,94.18,41.00000000000003,1,1,1.0
130,4,0.0,316.25,467.6,214.82000000000005,1,1,1.0
130,5,61.2,298.13,126.71999999999998,44.99000000000001,1,1,1.0
130,6,330.76,271.29,117.93,44.60999999999996,1,1,0.0
130,7,814.67,221.67,89.13999999999999,60.80000000000004,1,1,1.0
131,2,207.85,255.1,94.15,41.00000000000003,1,1,1.0
131,4,0.0,319.19,449.95,213.36999999999995,1,1,1.0
131,5,41.8,299.42,129.45999999999998,45.74000000000001,1,1,1.0
131,6,315.52,272.07,118.85000000000002,45.379999999999995,1,1,0.0
131,7,807.95,222.03,90.63999999999999,61.099999999999994,1,1,1.0
132,2,207.89,255.1,94.11000000000001,41.00000000000003,1,1,1.0
132,4,0.0,322.13,432.3,211.91999999999996,1,1,1.0
132,5,22.4,300.7,132.2,46.5,1,1,1.0
132,6,300.27,272.84,119.77000000000004,46.160000000000025,1,1,0.0
132,7,801.24,222.4,92.12,61.37999999999997,1,1,1.0
133,2,207.92,255.1,94.08000000000001,41.00000000000003,1,1,1.0
133,4,0.0,325.07,414.65,210.46999999999997,1,1,1.0
133,5,4.33,302.12,132.2,46.5,1,1,1.0
133,6,285.03,273.62,120.69000000000005,46.93000000000001,1,1,0.0
133,7,794.52,222.77,93.61000000000001,61.66,1,1,1.0
133,8,683.85,535.17,49.20999999999992,4.830000000000041,1,1,1.0
134,2,207.96,255.1,94.03999999999999,41.00000000000003,1,1,1.0
134,4,0.0,328.01,397.0,209.01,1,1,1.0
134,5,0.43,302.83,118.07,46.5,1,1,1.0
134,6,269.79,274.4,121.60999999999996,47.700000000000045,1,1,1.0
134,7,787.8,223.13,95.11000000000001,61.95999999999998,1,1,1.0
134,8,687.38,528.96,80.32000000000005,11.039999999999964,1,1,1.0
135,2,207.99,255.1,94.00999999999999,41.00000000000003,1,1,1.0
135,4,0.0,330.95,379.35,207.56,1,1,1.0
135,5,0.43,305.22,99.64999999999999,46.23999999999995,1,1,1.0
135,6,253.19,275.78,123.04000000000002,47.700000000000045,1,1,1.0
135,7,781.08,223.5,96.59999999999991,62.24000000000001,1,1,1.0
135,8,690.9,522.75,101.60000000000002,17.25,1,1,1.0
136,2,208.02,255.1,93.97999999999999,41.00000000000003,1,1,1.0
136,4,0.0,333.88,361.7,206.12,1,1,1.0
136,5,0.43,307.61,81.22,45.99000000000001,1,1,1.0
136,6,236.59,277.16,124.47,47.69999999999999,1,1,1.0
136,7,774.36,223.87,98.09000000000003,62.51999999999998,1,1,1.0
136,8,701.28,516.53,108.22000000000003,23.470000000000027,1,1,1.0
137,2,208.06,255.1,93.94,41.00000000000003,1,1,1.0
137,4,0.55,336.82,344.25,203.18,1,1,1.0
137,5,0.43,310.01,62.8,43.59000000000003,1,1,1.0
137,6,219.99,278.54,125.89999999999998,47.69,1,1,1.0
137,7,767.64,224.23,99.59000000000003,62.82000000000002,1,1,1.0
137,8,707.09,510.32,118.70999999999992,29.680000000000007,1,1,1.0
138,2,208.09,255.1,93.91,41.00000000000003,1,1,1.0
138,4,1.1,339.76,326.79999999999995,200.24,1,1,1.0
138,5,0.43,312.4,44.37,41.200000000000045,1,1,1.0
138,6,203.39,279.91,127.33000000000004,47.69999999999999,1,1,1.0
138,7,760.93,224.6,101.07000000000005,63.099999999999994,1,1,1.0
138,8,712.9,504.11,129.20000000000005,35.889999999999986,1,1,1.0
139,2,208.13,255.1,93.87,41.00000000000003,1,1,1.0
139,4,0.2,342.7,310.8,197.3,1,1,1.0
139,5,0.43,317.0,25.22,36.60000000000002,1,1,1.0
139,6,186.79,281.29,128.77,47.69999999999999,1,1,1.0
139,7,753.32,224.98,101.27999999999997,63.359999999999985,1,1,1.0
139,8,718.71,497.9,131.99,42.10000000000002,1,1,1.0
140,2,208.16,255.1,93.84,41.00000000000003,1,1,1.0
140,4,0.0,347.6,290.05,192.39999999999998,1,1,1.0
140,5,0.43,321.6,6.07,32.0,1,1,1.0
140,6,170.19,282.67,130.2,47.69999999999999,1,1,1.0
140,7,745.72,225.35,101.48000000000002,63.62000000000003,1,1,1.0
140,8,727.56,492.8,131.57000000000005,47.19999999999999,1,1,1.0
141,2,208.2,255.1,93.80000000000001,41.00000000000003,1,1,1.0
141,4,0.0,352.5,269.1,187.5,1,1,1.0
141,6,152.33,283.58,131.92,48.93000000000001,1,1,1.0
141,7,738.12,225.73,101.67999999999995,63.880000000000024,1,1,1.0
141,8,736.4,487.7,131.15999999999997,52.30000000000001,1,1,1.0
142,2,208.23,255.1,93.77000000000001,41.00000000000003,1,1,1.0
142,4,0.0,353.4,252.6,185.47000000000003,1,1,1.0
142,6,134.47,284.5,133.65,50.14999999999998,1,1,1.0
142,7,730.51,226.11,101.89999999999998,64.13,1,1,1.0
142,8,745.25,482.6,130.74,57.39999999999998,1,1,1.0
143,2,208.26,255.1,93.74000000000001,41.00000000000003,1,1,1.0
143,4,0.37,359.63,226.9,179.62,1,1,1.0
143,6,116.61,285.41,135.38,51.379999999999995,1,1,1.0
143,7,722.91,226.49,102.10000000000002,64.38999999999999,1,1,1.0
143,8,754.1,477.5,130.30999999999995,62.5,1,1,1.0
144,2,208.3,255.1,93.69999999999999,41.00000000000003,1,1,1.0
144,4,0.73,365.87,201.20000000000002,173.75,1,1,1.0
144,6,98.75,286.33,137.11,52.610000000000014,1,1,1.0
144,7,715.31,226.86,102.30000000000007,64.64999999999998,1,1,1.0
144,8,764.83,472.61,128.01,66.52999999999997,1,1,1.0
145,2,208.33,255.1,93.66999999999999,41.00000000000003,1,1,1.0
145,4,1.1,372.1,175.5,167.89999999999998,1,1,1.0
145,6,80.89,287.24,138.83999999999997,53.839999999999975,1,1,1.0
145,7,707.71,227.24,102.5,64.90999999999997,1,1,1.0
145,8,775.56,467.71,125.71000000000004,70.57999999999998,1,1,1.0
146,2,208.37,255.1,93.63,41.00000000000003,1,1,1.0
146,4,0.0,371.0,154.6,169.0,1,1,1.0
146,6,63.03,288.16,140.57,55.06,1,1,1.0
146,7,700.1,227.62,102.70999999999992,65.15999999999997,1,1,1.0
146,8,786.29,462.82,123.41000000000008,74.60999999999996,1,1,1.0
147,2,208.4,255.1,93.6,41.00000000000003,1,1,1.0
147,4,1.1,373.4,129.8,166.60000000000002,1,1,1.0
147,6,45.17,289.07,142.29000000000002,56.29000000000002,1,1,1.0
147,7,692.5,228.0,102.90999999999997,65.42000000000002,1,1,1.0
147,8,795.95,457.81,120.14999999999998,79.26000000000005,1,1,1.0
148,2,208.7,255.35,93.60000000000002,41.00000000000003,1,1,1.0
148,4,1.1,381.63,102.03,158.37,1,1,1.0
148,6,27.31,289.99,144.02,57.50999999999999,1,1,1.0
148,7,683.45,228.37,104.55999999999995,65.68,1,1,1.0
148,8,805.6,452.79,116.89999999999998,83.91000000000003,1,1,1.0
149,2,209.0,255.6,93.60000000000002,41.00000000000003,1,1,1.0
149,4,1.1,389.85,74.25,150.14999999999998,1,1,1.0
149,6,9.45,290.9,145.75,58.74000000000001,1,1,1.0
149,7,674.4,228.75,106.22000000000003,65.94,1,1,1.0
149,8,813.84,448.55,117.05999999999995,83.12999999999994,1,1,1.0
150,2,209.3,255.85,93.59999999999997,41.00000000000003,1,1,1.0
150,4,1.1,398.08,46.48,141.92000000000002,1,1,1.0
150,6,0.2,292.3,137.31,59.889999999999986,1,1,1.0
150,7,665.36,229.13,107.86000000000001,66.19,1,1,1.0
150,8,822.08,444.31,114.54999999999995,82.34999999999997,1,1,1.0
151,2,209.28,256.02,93.6,41.0,1,1,1.0
151,4,1.1,406.3,18.7,133.7,1,1,1.0
151,6,0.1,293.7,119.73,61.05000000000001,1,1,1.0
151,7,656.31,229.5,109.5100000000001,66.45999999999998,1,1,1.0
151,8,830.32,440.07,112.03999999999996,81.57,1,1,1.0
152,2,209.26,256.19,93.60000000000002,41.0,1,1,1.0
152,6,0.0,295.1,102.14,62.19999999999999,1,1,1.0
152,7,647.26,229.88,111.15999999999997,66.70999999999998,1,1,1.0
152,8,838.56,435.83,109.54000000000008,80.79000000000002,1,1,1.0
153,2,209.24,256.36,93.59999999999997,41.0,1,1,1.0
153,6,0.2,296.5,84.25999999999999,55.19,1,1,1.0
153,7,638.21,230.26,112.80999999999995,66.97000000000003,1,1,1.0
153,8,846.8,431.58,107.03000000000009,80.02000000000004,1,1,1.0
154,2,209.23,256.52,93.6,41.0,1,1,1.0
154,6,0.0,297.9,66.77,54.30000000000001,1,1,1.0
154,7,629.16,230.64,114.46000000000004,67.22000000000003,1,1,1.0
154,8,854.0,427.64,102.90999999999997,78.43,1,1,1.0
155,2,209.21,256.69,93.6,41.0,1,1,1.0
155,6,0.0,301.79,49.09,54.879999999999995,1,1,1.0
155,7,619.47,231.01,115.29999999999995,67.49000000000001,1,1,1.0
155,8,861.2,423.7,98.79999999999995,76.84000000000003,1,1,1.0
156,2,209.19,256.86,93.60000000000002,41.0,1,1,1.0
156,6,0.43,303.6,30.97,54.23999999999995,1,1,1.0
156,7,609.78,231.39,116.13999999999999,67.74000000000001,1,1,1.0
156,8,868.4,420.49,91.5,74.51999999999998,1,1,1.0
157,2,209.17,257.03,93.6,41.0,1,1,1.0
157,6,0.43,303.6,12.07,54.23999999999995,1,1,1.0
157,7,600.09,231.77,116.96999999999991,67.99999999999997,1,1,1.0
157,8,875.6,417.27,84.19999999999993,72.22000000000003,1,1,1.0
158,2,209.15,257.2,93.6,41.0,1,1,1.0
158,7,590.4,232.15,117.81000000000006,68.24999999999997,1,1,1.0
158,8,881.54,413.69,78.33000000000004,70.26999999999998,1,1,1.0
159,2,209.15,257.24,93.6,41.0,1,1,1.0
159,7,580.71,232.52,118.63999999999999,68.52000000000001,1,1,1.0
159,8,887.48,410.11,72.44999999999993,68.32,1,1,1.0
160,2,209.15,257.27,93.6,41.0,1,1,1.0
160,7,571.02,232.9,119.48000000000002,68.77000000000001,1,1,1.0
160,8,893.42,406.54,66.58000000000004,66.35999999999996,1,1,1.0
161,2,209.15,257.31,93.6,41.0,1,1,1.0
161,7,559.88,233.68,120.56000000000006,68.96999999999997,1,1,1.0
161,8,900.08,402.96,59.91999999999996,67.47000000000003,1,1,1.0
162,2,209.15,257.35,93.6,41.0,1,1,1.0
162,7,548.74,234.46,121.63999999999999,69.16999999999999,1,1,1.0
162,8,906.74,399.38,53.25999999999999,68.59000000000003,1,1,1.0
163,2,208.98,257.37,93.6,41.0,1,1,1.0
163,7,537.6,235.25,122.72000000000003,69.36000000000001,1,1,1.0
163,8,913.4,395.8,46.60000000000002,69.69999999999999,1,1,1.0
164,2,208.8,257.4,93.59999999999997,41.0,1,1,1.0
164,7,526.46,236.03,123.78999999999996,69.55999999999997,1,1,1.0
164,8,918.72,393.67,41.27999999999997,66.64999999999998,1,1,1.0
165,2,208.62,257.42,93.60000000000002,41.0,1,1,1.0
165,7,515.32,236.81,124.87,69.75999999999999,1,1,1.0
165,8,924.04,391.55,35.960000000000036,63.589999999999975,1,1,1.0
166,2,208.45,257.45,93.60000000000002,41.0,1,1,1.0
166,7,504.18,237.59,125.94999999999999,69.96000000000001,1,1,1.0
166,8,929.36,389.42,30.639999999999986,60.539999999999964,1,1,1.0
167,2,208.27,257.47,93.6,41.0,1,1,1.0
167,7,493.04,238.37,127.03000000000003,70.15999999999997,1,1,1.0
167,8,934.68,387.29,25.32000000000005,57.48999999999995,1,1,1.0
168,2,208.1,257.5,93.6,41.0,1,1,1.0
168,7,481.9,239.15,128.11,70.35,1,1,1.0
168,8,940.0,385.17,20.0,54.43000000000001,1,1,1.0
169,2,208.1,257.5,93.32000000000002,41.0,1,1,1.0
169,7,470.76,239.94,129.19000000000005,70.54000000000002,1,1,1.0
169,8,944.73,388.11,15.269999999999982,48.65999999999997,1,1,1.0
170,2,208.1,257.5,93.04999999999998,41.0,1,1,1.0
170,7,459.62,240.72,130.26,70.73999999999998,1,1,1.0
170,8,949.47,391.06,10.529999999999973,42.870000000000005,1,1,1.0
171,2,208.1,257.5,92.77000000000001,41.0,1,1,1.0
171,7,448.48,241.5,131.34000000000003,70.94,1,1,1.0
171,8,954.2,394.0,5.7999999999999545,37.10000000000002,1,1,1.0
172,2,208.1,257.5,92.50000000000003,41.0,1,1,1.0
172,7,437.34,242.28,132.42000000000002,71.14000000000001,1,1,1.0
173,2,208.1,257.36,92.50000000000003,40.889999999999986,1,1,1.0
173,7,426.21,243.06,133.49000000000007,71.33999999999997,1,1,1.0
174,2,208.1,257.23,92.50000000000003,40.76999999999998,1,1,1.0
174,7,414.63,242.24,134.21000000000004,73.24000000000001,1,1,1.0
175,2,208.1,257.09,92.50000000000003,40.660000000000025,1,1,1.0
175,7,403.06,241.42,134.91000000000003,75.14000000000001,1,1,1.0
176,2,208.1,256.96,92.50000000000003,40.54000000000002,1,1,1.0
176,7,391.48,240.6,135.63,77.03999999999999,1,1,1.0
177,2,208.1,256.82,92.50000000000003,40.43000000000001,1,1,1.0
177,7,379.91,241.13,136.33999999999997,77.59000000000003,1,1,1.0
178,2,208.1,256.69,92.50000000000003,40.31,1,1,1.0
178,7,368.34,241.65,137.04000000000002,78.15,1,1,1.0
179,2,208.1,256.55,92.50000000000003,40.19999999999999,1,1,1.0
179,7,356.76,241.37,137.76,78.88,1,1,1.0
180,2,208.1,256.42,92.50000000000003,40.079999999999984,1,1,1.0
180,7,345.19,241.09,138.47000000000003,79.60999999999999,1,1,1.0
181,2,208.1,256.28,92.50000000000003,39.97000000000003,1,1,1.0
181,7,333.62,240.81,139.17000000000002,79.54000000000002,1,1,1.0
182,2,208.1,256.15,92.50000000000003,39.85000000000002,1,1,1.0
182,7,322.04,240.52,139.89,79.47999999999999,1,1,1.0
183,2,208.1,256.15,92.50000000000003,39.85000000000002,1,1,1.0
183,7,310.45,241.16,141.3,78.98999999999998,1,1,1.0
184,2,208.1,256.15,92.50000000000003,39.85000000000002,1,1,1.0
184,7,298.86,241.79,142.71999999999997,78.52000000000001,1,1,1.0
185,2,208.1,256.15,92.50000000000003,39.85000000000002,1,1,1.0
185,7,287.27,242.43,144.13,78.02999999999997,1,1,1.0
186,2,208.1,256.15,92.50000000000003,39.85000000000002,1,1,1.0
186,7,275.68,243.06,144.42000000000002,78.99000000000001,1,1,1.0
187,2,208.1,256.15,92.50000000000003,39.85000000000002,1,1,1.0
187,7,264.08,243.7,144.72000000000003,79.94,1,1,1.0
188,2,208.1,256.15,92.50000000000003,39.85000000000002,1,1,1.0
188,7,252.49,244.33,145.01,80.9,1,1,1.0
189,2,208.1,256.15,92.50000000000003,39.85000000000002,1,1,1.0
189,7,240.9,244.97,145.29999999999998,81.84,1,1,1.0
190,2,208.1,256.15,92.50000000000003,39.85000000000002,1,1,0.0
190,7,229.31,245.6,145.58999999999997,82.79999999999998,1,1,1.0
